IMIX 30 29 28 26 27 28 29 26 29 32 31 30 30 28
CKCL 63 62 63 62 61 60 59 59 60 60 59 59 58 57
INSX 62 61 60 58 57 55 57 58 58 58 60 58 57 55
ASDF 67 67 69 70 72 73 72 70 69 70 70 70 69 67
GEEK 42 43 43 42 42 41 41 40 39 40 40 40 39 38
FOTA 46 48 51 54 56 54 55 53 55 57 56 58 57 58
FLNT 21 21 20 20 23 23 21 18 22 23 21 23 22 21
SUGR 22 23 23 24 23 22 22 22 23 24 23 24 23 23
MYTH 66 66 65 66 67 65 63 65 67 67 66 65 66 67
DALG 29 30 29 31 29 28 30 29 28 30 30 28 28 27
PNSN 158 158 159 158 158 159 160 161 162 162 162 162 163 164
SLVR 25 26 25 24 26 27 26 25 27 29 31 29 31 30
VDKL 30 32 34 33 34 36 36 35 33 33 31 33 31 29
YUKA 56 56 54 50 54 58 62 63 60 62 58 57 53 50
WOWY 37 38 41 42 46 42 38 34 38 35 32 30 32 34
GOLD 20 19 20 19 20 19 20 21 21 22 21 20 20 19
BLEP 27 25 21 24 22 26 30 29 27 29 26 25 29 26
FANT 21 24 23 22 23 25 23 25 28 30 32 30 27 29
JOOG 26 27 30 32 36 33 32 29 29 28 27 23 23 24